1000001981667
1000001586369
1000001980150
1000000366194
1000000836727
1000001073319
1000001230604
1000001350317
1000001447039
1000001525993
1000001593458
1000001652234
1000001704510
1000001750312
1000001792667
1000001830749
1000001865400
1000001897823
1000001927421
1000001955343
1000001981667
1000002005995
1000002029148
1000002050899
1000002071589
1000002091204
1000002109914
1000002127552
1000002144516
1000000253792
1000000363270
1000000444634
1000000511705
1000000567923
1000000618183
1000000664042
1000000704799
1000000742523
1000000777895
1000000810670
1000000841385
1000000870353
1000000897560
1000000923355
1000000947928
1000000971302
1000000993808
1000001015217
1000001035666
1000001055196
1000001074215
1000001092605
1000001110306
1000001127165
1000001143632
1000001159506
1000001175130
1000001190156
1000001204452
1000001218594
1000001232366
1000001245735
1000001258850
1000001271447
1000001283627
1000001295699
1000001307571
1000001318975
1000001330116
1000001340961
1000001351693
1000001362169
1000001372500
1000001382335
1000001392319
1000001401927
1000001411232
1000001420557
1000001429575
1000001438371
1000001447074
1000001455736
1000001464126
1000001472381
1000001480462
1000001488529
1000001496272
1000001503980
1000001511637
1000001518989
1000001526387
1000001533537
1000001540691
1000001547735
1000001554575
1000001561355
1000001568048
1000001574722
1000001581132
1000001587643
1000001593935
1000001600141
1000001606238
1000001612314
1000001618343
1000001624294
1000001630037
1000001635800
1000001641511
1000001647083
1000001652674
1000001658097
1000001663509
1000001668865
1000001674157
1000001679273
1000001684442
1000001689570
1000001694561
1000001699583
1000001704461
1000001709381
1000001714180
1000001718889
1000001723602
1000001728237
1000001732861
1000001737426
1000001741961
1000001746414
1000001750848
1000001755219
1000001759538
1000001763797
1000001768022
1000001772272
1000001776373
1000001780543
1000001784574
1000001788615
1000001792619
1000001796585
1000001800547
1000001804441
1000001808282
1000001812075
1000001815865
1000001819628
1000001823402
1000001827040
1000001830742
1000001834338
1000001837934
1000001841542
1000001845054
1000001848524
1000001852055
1000001855495
1000001858907
1000001862278
1000001865675
1000001868951
1000001872295
1000001875560
1000001878812
1000001882077
1000001885272
1000001888480
1000001891633
1000001894781
1000001897885
1000001900942
1000001904019
1000001907085
1000001910070
1000001913098
1000001916032
1000001918981
1000001921921
1000001924857
1000001927766
1000001930621
1000001933479
1000001936277
1000001939096
1000001941889
1000001944707
1000001947418
1000001950161
1000001952880
1000001955574
1000001958284
1000001960922
1000001963597
1000001966205
1000001968850
1000001971451
1000001973995
1000001976578
1000001979121
